# 10microF, 10kOhm
[(2766.2, 148),
(2754.7, 114),
(2754.9, 150),
(2766.6, 112),
(2783.7, 109),
(2756.7, 131),
(2731.5, 41),
(2768.9, 102),
(2734.0, 140),
(2759.7, 117),
(2759.0, 255),
(2773.4, 99),
(2776.1, 91),
(2741.6, 226),
(2773.1, 116),
(2765.0, 118),
(2765.3, 209),
(2778.9, 107),
(2771.6, 117),
(2757.7, 142),
(2775.2, 92),
(2744.1, 41),
(2734.8, 221),
(2760.1, 100),
(2746.1, 133),
(2723.7, 140),
(2766.2, 104),
(2762.7, 116),
(2771.9, 141),
(2753.3, 91),
(2751.8, 136),
(2756.5, 103),
(2750.6, 103),
(2742.9, 234),
(2761.6, 124),
(2762.5, 121),
(2765.9, 116),
(2740.7, 150),
(2763.5, 113),
(2777.9, 130),
(2762.1, 134),
(2787.8, 126),
(2775.8, 109),
(2777.0, 193),
(2745.2, 109),
(2726.0, 143),
(2785.5, 123),
(2780.6, 116),
(2748.4, 241),
(2748.3, 118),
(2765.1, 97),
(2771.6, 240),
(2748.1, 112),
(2782.1, 117),
(2764.6, 175),
(2768.3, 101),
(2748.5, 50),
(2738.8, 248),
(2785.3, 122),
(2756.2, 136),
(2747.3, 190),
(2772.0, 115),
(2756.8, 135),
(2733.9, 213),
(2773.0, 113),
(2751.8, 237),
(2766.7, 122),
(2762.0, 83),
(2772.3, 161),
(2765.4, 115),
(2791.6, 138),
(2762.4, 147),
(2772.5, 102),
(2770.8, 100),
(2781.4, 99),
(2757.6, 111),
(2768.2, 121),
(2749.4, 238),
(2750.5, 109),
(2762.6, 76),
(2765.5, 252)]