# 10microF, 10kOhm
[(3100.5, 120),
(3102.8, 65),
(3067.6, 401),
(3078.5, 171),
(3086.4, 77),
(3089.2, 99),
(3090.4, 132),
(3112.1, 88),
(3091.0, 76),
(3126.3, 95),
(3119.8, 53),
(3117.1, 93),
(3120.2, 84),
(3093.9, 88),
(3100.9, 82),
(3107.2, 101),
(3116.7, 68),
(3114.8, 59),
(3097.6, 124),
(3114.1, 79),
(3117.7, 61),
(3108.5, 187),
(3092.6, 61),
(3108.4, 75),
(3097.5, 201),
(3105.3, 70),
(3112.4, 80),
(3099.3, 202),
(3127.9, 65),
(3130.0, 100),
(3101.0, 171),
(3120.9, 94),
(3116.9, 56),
(3113.9, 97),
(3093.1, 230),
(3115.2, 77),
(3111.7, 87),
(3093.6, 150),
(3128.1, 70),
(3113.5, 94),
(3096.8, 159),
(3125.0, 71),
(3127.1, 83),
(3103.0, 232)]
